2005.07563
2006.15122
2102.01031
2109.13280
2112.08388
2112.11280
2202.05805
2203.13286
2203.15808
2206.06319
2206.08940
2206.14721
2209.14313
2211.11773
2303.07503
2303.17436
2304.05220
2304.13056
2305.02366
2305.02367
2305.02568
2305.05682
2306.08038
2307.03774
2308.08456
2308.16231
2310.13060
2311.02011
2311.14273
2312.03072
2312.15056
2401.14331
2402.06000
2403.04848
2403.09089
2404.16932
2404.17654
2405.08901
2406.00108
2406.02689
2406.04017
2406.09122
2406.17053
2406.17468
2408.02364
2408.11889
2409.15450
2410.21971
2411.16368
2412.04218
2412.12287
2412.17359
2412.17802
2412.19798
2501.13811
2501.14869
2501.17226
2502.04445
2502.13644
2502.20471
2503.19980
2504.03636
2504.07902
2505.15360
2505.19950
2507.00685
2507.01822
2507.03157
2507.04161
2507.13465
2508.00979
2508.07442
2508.14665
2509.13292
2509.25367
2510.08685
2510.27586
2511.02184
2511.16649
2512.05715
2512.15627
2512.21151
2601.07670
2601.09784
2601.19150
2602.06027
2602.07972
2602.14389
2602.15825
2604.05078
2604.17430
2605.00945
2605.04670
2606.14853
2606.31937
2607.05517
